{
"ANCHORS_HEIGHT": 21,
"ANCHORS_WIDTH": 28,
"IMAGE_HEIGHT": 336,
"IMAGE_WIDTH": 448,
"ANCHOR_PER_GRID": 9,
"ANCHOR_SEED": 
[[417.2, 302.40000000000003],
 [40.08659199999999, 31.235736000000003],
  [79.01600000000005, 38.64],
   [79.79999999999998, 110.352816],
    [121.52000000000001, 73.604328],
     [149.24, 143.079888],
      [55.29977600000001, 63.56011200000003],
       [17.92, 20.16],
        [269.629696, 171.50649599999997]],
"BATCH_SIZE": 4,
"CLASSES": 2,
"CLASS_NAMES": ["banana", "sushi"],
"CLASS_TO_IDX": {"banana": 0, "sushi": 1},
"EPSILON": 1e-16,
"EXP_THRESH": 1.0,
"FINAL_THRESHOLD": 0.0,
"IOU_THRESHOLD": 0.5,
"KEEP_PROB": 0.5,
"LEARNING_RATE": 0.01,
"LOSS_COEF_BBOX": 5.0,
"LOSS_COEF_CLASS": 1.0,
"LOSS_COEF_CONF_NEG": 100.0,
"LOSS_COEF_CONF_POS": 75.0,
"MAX_GRAD_NORM": 1.0,
"MOMENTUM": 0.9,
"NMS_THRESH": 0.4,
"N_CHANNELS": 3,
"PROB_THRESH": 0.005,
"TOP_N_DETECTION": 64,
"VISUALIZATION_BATCH_SIZE": 16,
"WEIGHT_DECAY": 0.001
}